6
6
6
6
6
6
6
6
6
6
6
6
6
6
6
6
6
6
6
6
6
6
6
6
6
6
6
6
6
6
6
6
6
6
6
6
6
6
6
6
6
6
6
6
6
6
6
6
6
6
6
6
6
6
6
6
6
6
6
6
6
6
6
6
6
6
6
6
6
6
6
6
6
6
6
6
6
4
4
4
4
4
4
4
7
7
7
7
7
7
7
7
7
7
7
7
7
7
7
7
7
7
7
7
7
7
7
7
7
7
7
7
7
7
7
7
7
7
7
7
7
7
7
7
7
7
7
7
7
7
7
7
7
7
7
7
7
7
7
7
7
7
7
7
7
7
7
7
7
7
7
7
7
7
7
7
7
7
7
7
7
7
7
7
7
7
7
7
7
7
7
7
7
7
7
7
7
7
7
7
7
7
7
7
7
7
7
7
7
7
7
7
7
7
7
7
7
7
7
7
7
7
7
7
7
7
7
7
7
22
22
22
22
22
22
16
16
16
16
16
16
16
16
16
16
20
20
20
20
12
12
12
12
12
12
12
12
19
19
19
19
19
19
19
19
19
19
19
19
19
13
13
13
13
13
13
9
9
9
9
9
9
9
9
11
11
11
11
11
11
11
11
11
11
11
11
11
11
11
11
11
11
11
11
11
11
11
2
2
2
2
2
2
2
2
2
2
2
2
2
2
2
2
2
2
2
2
2
15
15
15
15
15
15
15
14
14
14
14
14
14
14
3
3
3
3
3
3
3
10
10
10
10
1
1
1
1
1
1
1
1
1
24
24
24
24
24
24
24
24
24
24
24
0
0
0
0
0
0
0
0
0
0
0
0
0
5
5
5
5
5
5
5
5
5
5
5
5
25
25
25
25
25
25
25
25
25
25
25
25
25
25
25
25
17
17
17
17
17
17
17
17
17
18
18
18
18
18
18
18
18
18
18
18
18
8
8
8
8
21
21
21
21
23
23
23
23
23
23
