0 29
0 8
0 22
0 4
0 6
0 28
0 1
0 12
0 3
0 2
1 5
1 29
1 8
1 7
1 27
1 16
1 24
1 3
1 2
1 0
2 8
2 5
2 14
2 7
2 16
2 1
2 9
2 19
2 3
2 0
3 39
3 16
3 29
3 4
3 19
3 1
3 23
3 9
3 2
3 0
4 24
4 8
4 9
4 10
4 11
4 6
4 5
4 3
4 26
4 16
5 24
5 16
5 10
5 14
5 7
5 6
5 4
5 9
5 19
5 8
6 22
6 10
6 13
6 8
6 12
6 5
6 4
6 19
6 9
6 7
7 1
7 27
7 9
7 8
7 10
7 5
7 4
7 16
7 19
7 6
8 1
8 26
8 16
8 4
8 13
8 12
8 5
8 6
8 9
8 7
9 19
9 4
9 6
9 3
9 5
9 13
9 7
9 14
9 10
9 8
10 5
10 15
10 12
10 16
10 4
10 7
10 14
10 13
10 11
10 9
11 9
11 24
11 20
11 16
11 15
11 4
11 14
11 10
11 12
11 13
12 0
12 10
12 9
12 8
12 11
12 6
12 14
12 15
12 16
12 13
13 4
13 15
13 9
13 6
13 16
13 10
13 14
13 8
13 11
13 12
14 3
14 5
14 16
14 6
14 12
14 10
14 11
14 13
14 15
14 9
15 19
15 9
15 7
15 6
15 13
15 14
15 10
15 11
15 12
15 16
16 21
16 10
16 11
16 13
16 7
16 15
16 4
16 19
16 24
16 27
17 24
17 20
17 16
17 26
17 27
17 29
17 19
17 4
17 3
17 18
18 2
18 21
18 33
18 29
18 27
18 20
18 39
18 19
18 17
18 28
19 6
19 18
19 9
19 20
19 7
19 27
19 16
19 22
19 3
19 21
20 53
20 21
20 18
20 24
20 11
20 16
20 51
20 19
20 27
20 22
21 34
21 39
21 26
21 20
21 40
21 19
21 24
21 22
21 16
21 27
22 34
22 19
22 53
22 40
22 27
22 30
22 20
22 21
22 24
22 26
23 11
23 30
23 29
23 26
23 44
23 24
23 16
23 20
23 3
23 27
24 4
24 39
24 16
24 20
24 21
24 22
24 23
24 26
24 27
24 40
25 24
25 77
25 40
25 21
25 3
25 42
25 39
25 16
25 2
25 22
26 19
26 44
26 30
26 21
26 29
26 8
26 24
26 4
26 27
26 22
27 21
27 19
27 29
27 30
27 31
27 24
27 16
27 20
27 22
27 26
28 41
28 0
28 30
28 20
28 29
28 27
28 18
28 3
28 19
28 22
29 18
29 7
29 26
29 32
29 30
29 41
29 31
29 3
29 28
29 27
30 23
30 26
30 3
30 22
30 31
30 32
30 27
30 41
30 28
30 29
31 28
31 39
31 16
31 43
31 33
31 41
31 32
31 30
31 29
31 27
32 22
32 40
32 27
32 33
32 28
32 39
32 41
32 31
32 29
32 30
33 44
33 32
33 36
33 38
33 22
33 40
33 42
33 29
33 41
33 34
34 21
34 46
34 45
34 38
34 24
34 40
34 41
34 42
34 33
34 22
35 30
35 27
35 9
35 42
35 22
35 41
35 38
35 40
35 43
35 44
36 34
36 10
36 24
36 38
36 9
36 37
36 14
36 33
36 44
36 29
37 4
37 12
37 0
37 10
37 16
37 33
37 71
37 38
37 36
37 42
38 7
38 44
38 19
38 9
38 34
38 41
38 33
38 42
38 37
38 40
39 23
39 9
39 19
39 32
39 41
39 10
39 21
39 24
39 3
39 18
40 41
40 20
40 21
40 42
40 38
40 34
40 35
40 44
40 24
40 22
41 22
41 40
41 53
41 34
41 46
41 33
41 48
41 30
41 29
41 42
42 24
42 40
42 16
42 43
42 34
42 45
42 46
42 33
42 41
42 44
43 9
43 35
43 40
43 24
43 46
43 16
43 44
43 27
43 42
43 45
44 22
44 27
44 24
44 45
44 51
44 35
44 43
44 42
44 46
44 40
45 51
45 27
45 16
45 40
45 46
45 48
45 42
45 43
45 44
45 34
46 52
46 20
46 41
46 53
46 51
46 47
46 42
46 44
46 45
46 48
47 45
47 24
47 41
47 52
47 51
47 50
47 53
47 42
47 46
47 48
48 45
48 44
48 49
48 50
48 41
48 46
48 47
48 51
48 53
48 52
49 19
49 56
49 9
49 46
49 48
49 26
49 4
49 54
49 51
49 52
50 43
50 61
50 46
50 42
50 44
50 47
50 48
50 52
50 53
50 51
51 49
51 55
51 54
51 44
51 53
51 20
51 52
51 46
51 48
51 50
52 22
52 50
52 46
52 47
52 20
52 41
52 51
52 48
52 54
52 53
53 41
53 56
53 51
53 20
53 54
53 46
53 24
53 22
53 48
53 52
54 46
54 56
54 48
54 20
54 49
54 52
54 53
54 44
54 22
54 51
55 41
55 56
55 54
55 72
55 53
55 52
55 20
55 57
55 50
55 51
56 57
56 44
56 50
56 53
56 49
56 54
56 48
56 59
56 71
56 41
57 11
57 58
57 45
57 54
57 49
57 51
57 39
57 53
57 56
57 55
58 71
58 54
58 55
58 74
58 11
58 42
58 60
58 51
58 80
58 56
59 56
59 64
59 62
59 4
59 9
59 60
59 61
59 19
59 3
59 71
60 50
60 16
60 42
60 24
60 63
60 61
60 1
60 59
60 53
60 71
61 50
61 29
61 51
61 60
61 63
61 59
61 71
61 3
61 64
61 62
62 77
62 29
62 30
62 63
62 51
62 59
62 60
62 61
62 3
62 64
63 42
63 62
63 61
63 60
63 59
63 64
63 71
63 72
63 40
63 22
64 72
64 40
64 60
64 22
64 71
64 76
64 59
64 63
64 62
64 61
65 4
65 0
65 68
65 66
65 64
65 63
65 61
65 55
65 44
65 35
66 77
66 41
66 70
66 71
66 72
66 68
66 74
66 75
66 67
66 39
67 64
67 75
67 44
67 71
67 76
67 72
67 70
67 69
67 66
67 68
68 39
68 42
68 71
68 41
68 70
68 69
68 74
68 76
68 67
68 66
69 76
69 53
69 64
69 51
69 16
69 71
69 20
69 68
69 70
69 67
70 28
70 26
70 29
70 32
70 71
70 69
70 66
70 41
70 67
70 68
71 60
71 59
71 61
71 20
71 68
71 70
71 19
71 3
71 72
71 56
72 64
72 42
72 71
72 73
72 67
72 75
72 66
72 51
72 63
72 55
73 77
73 51
73 74
73 41
73 62
73 72
73 71
73 59
73 30
73 75
74 60
74 52
74 68
74 76
74 75
74 73
74 5
74 41
74 48
74 53
75 67
75 73
75 5
75 90
75 72
75 41
75 39
75 77
75 76
75 74
76 8
76 32
76 67
76 68
76 4
76 64
76 89
76 74
76 75
76 77
77 30
77 75
77 62
77 40
77 16
77 76
77 39
77 3
77 89
77 59
78 46
78 57
78 79
78 40
78 45
78 51
78 54
78 59
78 77
78 44
79 81
79 59
79 89
79 44
79 53
79 22
79 82
79 56
79 78
79 80
80 52
80 86
80 53
80 58
80 83
80 74
80 79
80 60
80 71
80 81
81 73
81 59
81 87
81 51
81 83
81 85
81 80
81 84
81 86
81 82
82 67
82 87
82 86
82 44
82 89
82 84
82 4
82 85
82 83
82 81
83 71
83 53
83 41
83 82
83 87
83 89
83 85
83 86
83 84
83 81
84 90
84 89
84 83
84 81
84 85
84 42
84 72
84 86
84 87
84 59
85 40
85 59
85 86
85 77
85 83
85 84
85 81
85 82
85 89
85 87
86 85
86 89
86 60
86 82
86 81
86 84
86 83
86 61
86 88
86 87
87 82
87 61
87 85
87 83
87 90
87 59
87 84
87 89
87 88
87 86
88 20
88 74
88 59
88 86
88 84
88 89
88 72
88 71
88 90
88 87
89 19
89 74
89 29
89 77
89 76
89 88
89 87
89 83
89 59
89 90
90 84
90 60
90 28
90 89
90 88
90 87
90 74
90 75
90 59
90 29
91 90
91 92
91 93
91 94
91 95
91 96
91 97
91 89
91 87
91 59
92 98
92 89
92 90
92 91
92 95
92 96
92 97
92 93
92 60
92 94
93 89
93 20
93 90
93 97
93 98
93 96
93 92
93 95
93 94
93 91
94 100
94 101
94 99
94 97
94 92
94 95
94 98
94 93
94 91
94 96
95 101
95 99
95 100
95 98
95 97
95 94
95 93
95 92
95 91
95 96
96 101
96 92
96 91
96 100
96 93
96 99
96 98
96 97
96 95
96 94
97 102
97 91
97 93
97 101
97 94
97 100
97 98
97 95
97 99
97 96
98 103
98 93
98 94
98 102
98 101
98 95
98 100
98 97
98 96
98 99
99 104
99 105
99 103
99 95
99 96
99 97
99 98
99 100
99 101
99 102
100 106
100 96
100 105
100 97
100 103
100 104
100 99
100 98
100 102
100 101
101 97
101 107
101 104
101 105
101 98
101 106
101 100
101 99
101 102
101 103
102 97
102 98
102 106
102 107
102 105
102 104
102 103
102 101
102 100
102 99
103 98
103 99
103 107
103 106
103 97
103 100
103 105
103 101
103 102
103 104
104 98
104 101
104 99
104 107
104 108
104 100
104 102
104 106
104 103
104 105
105 98
105 108
105 99
105 107
105 100
105 102
105 101
105 103
105 104
105 106
106 99
106 100
106 105
106 104
106 107
106 108
106 109
106 103
106 102
106 101
107 100
107 109
107 110
107 108
107 106
107 105
107 104
107 103
107 102
107 101
108 101
108 112
108 111
108 105
108 103
108 104
108 106
108 110
108 109
108 107
109 107
109 116
109 106
109 112
109 110
109 115
109 114
109 113
109 108
109 111
110 117
110 107
110 116
110 108
110 114
110 115
110 112
110 109
110 111
110 113
111 120
111 114
111 115
111 112
111 110
111 109
111 116
111 117
111 118
111 113
112 109
112 119
112 110
112 118
112 117
112 116
112 115
112 111
112 113
112 114
113 120
113 109
113 118
113 110
113 117
113 111
113 116
113 115
113 112
113 114
114 109
114 118
114 117
114 120
114 119
114 116
114 113
114 112
114 115
114 111
115 110
115 120
115 119
115 111
115 113
115 112
115 118
115 117
115 116
115 114
116 121
116 111
116 119
116 120
116 117
116 115
116 114
116 113
116 112
116 118
117 122
117 112
117 113
117 119
117 115
117 114
117 121
117 120
117 118
117 116
118 123
118 114
118 113
118 122
118 121
118 115
118 117
118 116
118 120
118 119
119 123
119 125
119 114
119 122
119 117
119 116
119 115
119 121
119 120
119 118
120 115
120 124
120 114
120 116
120 117
120 123
120 118
120 119
120 121
120 122
121 115
121 116
121 125
121 124
121 117
121 123
121 122
121 120
121 118
121 119
122 127
122 117
122 118
122 119
122 116
122 121
122 123
122 124
122 125
122 120
123 127
123 126
123 117
123 119
123 118
123 125
123 121
123 122
123 124
123 120
124 119
124 129
124 120
124 121
124 122
124 123
124 125
124 127
124 128
124 126
125 129
125 128
125 126
125 119
125 120
125 121
125 122
125 123
125 124
125 127
126 118
126 119
126 122
126 120
126 128
126 129
126 127
126 124
126 123
126 125
127 130
127 123
127 125
127 122
127 131
127 120
127 124
127 128
127 126
127 129
128 120
128 123
128 124
128 125
128 132
128 131
128 130
128 129
128 126
128 127
129 120
129 122
129 132
129 125
129 126
129 124
129 130
129 128
129 127
129 131
130 124
130 125
130 120
130 126
130 122
130 127
130 132
130 129
130 131
130 128
131 123
131 125
131 124
131 126
131 128
131 130
131 122
131 127
131 132
131 129
132 120
132 122
132 126
132 124
132 123
132 127
132 129
132 128
132 131
132 130
133 126
133 142
133 128
133 124
133 127
133 131
133 132
133 134
133 129
133 125
134 140
134 136
134 137
134 148
134 147
134 142
134 144
134 135
134 146
134 139
135 139
135 146
135 144
135 142
135 145
135 140
135 149
135 134
135 137
135 136
136 135
136 145
136 146
136 137
136 138
136 139
136 140
136 141
136 142
136 148
137 135
137 147
137 143
137 142
137 141
137 144
137 139
137 138
137 136
137 140
138 143
138 148
138 136
138 137
138 139
138 140
138 141
138 142
138 146
138 147
139 134
139 146
139 143
139 147
139 142
139 141
139 136
139 137
139 140
139 138
140 146
140 144
140 139
140 138
140 137
140 136
140 141
140 142
140 143
140 147
141 150
141 149
141 138
141 146
141 145
141 144
141 142
141 140
141 139
141 147
142 136
142 145
142 144
142 141
142 140
142 139
142 146
142 137
142 147
142 143
143 158
143 147
143 137
143 144
143 142
143 151
143 140
143 139
143 156
143 149
144 154
144 140
144 148
144 141
144 142
144 147
144 143
144 149
144 145
144 146
145 147
145 150
145 153
145 154
145 152
145 149
145 158
145 146
145 144
145 141
146 141
146 157
146 156
146 154
146 149
146 148
146 147
146 145
146 144
146 142
147 156
147 140
147 142
147 157
147 144
147 146
147 141
147 148
147 149
147 150
148 152
148 156
148 160
148 162
148 155
148 151
148 149
148 150
148 147
148 146
149 158
149 147
149 155
149 154
149 157
149 152
149 148
149 150
149 151
149 156
150 152
150 158
150 157
150 155
150 156
150 154
150 153
150 151
150 160
150 149
151 160
151 154
151 157
151 156
151 158
151 155
151 149
151 150
151 152
151 153
152 155
152 150
152 159
152 158
152 157
152 156
152 154
152 153
152 151
152 149
153 157
153 160
153 156
153 159
153 158
153 155
153 150
153 152
153 154
153 151
154 160
154 152
154 151
154 150
154 156
154 157
154 158
154 159
154 153
154 155
155 160
155 152
155 151
155 157
155 150
155 153
155 159
155 158
155 156
155 154
156 149
156 160
156 152
156 151
156 150
156 159
156 158
156 157
156 154
156 155
157 151
157 162
157 150
157 160
157 155
157 159
157 152
157 154
157 158
157 156
158 169
158 150
158 160
158 152
158 153
158 154
158 155
158 157
158 159
158 156
159 162
159 154
159 163
159 161
159 156
159 155
159 165
159 160
159 158
159 157
160 168
160 158
160 166
160 157
160 165
160 164
160 163
160 159
160 162
160 161
161 150
161 158
161 165
161 166
161 167
161 163
161 164
161 159
161 162
161 160
162 168
162 157
162 166
162 160
162 159
162 165
162 167
162 161
162 163
162 164
163 168
163 159
163 160
163 161
163 162
163 164
163 165
163 166
163 167
163 169
164 169
164 167
164 159
164 166
164 161
164 168
164 162
164 160
164 163
164 165
165 170
165 159
165 168
165 167
165 166
165 163
165 162
165 161
165 160
165 164
166 161
166 164
166 171
166 160
166 163
166 167
166 169
166 170
166 165
166 168
167 164
167 171
167 163
167 161
167 162
167 166
167 168
167 169
167 170
167 165
168 163
168 160
168 164
168 173
168 172
168 169
168 170
168 167
168 166
168 165
169 174
169 165
169 172
169 173
169 163
169 168
169 166
169 167
169 171
169 170
170 175
170 165
170 174
170 166
170 168
170 172
170 167
170 173
170 171
170 169
171 175
171 174
171 167
171 166
171 168
171 165
171 169
171 173
171 172
171 170
172 176
172 178
172 166
172 174
172 175
172 171
172 170
172 169
172 168
172 173
173 177
173 178
173 176
173 169
173 168
173 170
173 171
173 172
173 174
173 175
174 181
174 169
174 178
174 177
174 176
174 175
174 172
174 171
174 170
174 173
175 179
175 180
175 170
175 177
175 178
175 173
175 172
175 171
175 176
175 174
176 172
176 171
176 181
176 173
176 179
176 174
176 180
176 178
176 177
176 175
177 171
177 185
177 173
177 174
177 180
177 181
177 179
177 176
177 175
177 178
178 183
178 185
178 182
178 181
178 180
178 174
178 173
178 176
178 179
178 177
179 175
179 174
179 173
179 182
179 181
179 180
179 178
179 177
179 176
179 183
180 173
180 184
180 176
180 177
180 185
180 183
180 179
180 182
180 178
180 181
181 189
181 186
181 177
181 178
181 179
181 182
181 183
181 184
181 185
181 180
182 190
182 178
182 189
182 179
182 180
182 186
182 185
182 183
182 181
182 184
183 191
183 190
183 189
183 180
183 181
183 182
183 184
183 185
183 186
183 187
184 178
184 180
184 190
184 187
184 186
184 185
184 183
184 182
184 181
184 189
185 178
185 180
185 189
185 187
185 190
185 186
185 184
185 183
185 182
185 181
186 188
186 181
186 191
186 182
186 187
186 183
186 184
186 185
186 190
186 189
187 181
187 184
187 182
187 188
187 186
187 185
187 183
187 191
187 190
187 189
188 196
188 193
188 194
188 197
188 185
188 186
188 187
188 189
188 190
188 191
189 196
189 184
189 182
189 193
189 185
189 192
189 186
189 187
189 190
189 191
190 183
190 195
190 194
190 193
190 192
190 191
190 187
190 186
190 185
190 189
191 185
191 196
191 195
191 194
191 187
191 186
191 193
191 190
191 192
191 189
192 186
192 194
192 196
192 197
192 198
192 189
192 195
192 190
192 191
192 193
193 200
193 198
193 189
193 190
193 197
193 191
193 195
193 196
193 192
193 194
194 200
194 198
194 197
194 196
194 195
194 192
194 191
194 190
194 189
194 193
195 199
195 189
195 190
195 197
195 196
195 194
195 193
195 192
195 191
195 198
196 200
196 190
196 191
196 198
196 197
196 195
196 194
196 193
196 192
196 189
197 190
197 191
197 200
197 199
197 193
197 194
197 195
197 196
197 198
197 192
198 193
198 194
198 202
198 203
198 195
198 200
198 199
198 201
198 197
198 196
199 191
199 194
199 202
199 203
199 201
199 200
199 198
199 197
199 195
199 196
200 189
200 205
200 197
200 204
200 196
200 198
200 199
200 201
200 202
200 203
201 189
201 196
201 197
201 205
201 199
201 198
201 202
201 203
201 204
201 200
202 197
202 189
202 191
202 198
202 199
202 200
202 203
202 204
202 205
202 201
203 196
203 197
203 193
203 205
203 199
203 200
203 201
203 202
203 204
203 198
204 189
204 190
204 206
204 198
204 199
204 205
204 201
204 200
204 202
204 203
205 208
205 197
205 199
205 198
205 206
205 203
205 202
205 201
205 200
205 204
206 221
206 197
206 208
206 205
206 198
206 204
206 210
206 203
206 209
206 207
207 215
207 209
207 210
207 221
207 227
207 208
207 211
207 217
207 206
207 225
208 211
208 212
208 206
208 215
208 207
208 210
208 209
208 223
208 225
208 213
209 219
209 214
209 207
209 208
209 217
209 215
209 212
209 211
209 210
209 216
210 219
210 221
210 216
210 217
210 208
210 215
210 212
210 211
210 209
210 214
211 221
211 220
211 215
211 219
211 217
211 216
211 212
211 210
211 209
211 213
212 218
212 222
212 219
212 216
212 210
212 215
212 209
212 214
212 211
212 213
213 221
213 208
213 223
213 216
213 218
213 219
213 215
213 212
213 211
213 222
214 213
214 217
214 209
214 218
214 219
214 216
214 221
214 215
214 212
214 210
215 209
215 220
215 210
215 222
215 214
215 219
215 221
215 218
215 216
215 217
216 212
216 211
216 222
216 225
216 218
216 219
216 220
216 221
216 215
216 217
217 209
217 216
217 219
217 220
217 221
217 222
217 223
217 215
217 225
217 218
218 225
218 223
218 220
218 213
218 221
218 217
218 216
218 215
218 219
218 222
219 224
219 217
219 218
219 215
219 223
219 225
219 222
219 221
219 220
219 216
220 227
220 215
220 216
220 224
220 225
220 223
220 222
220 221
220 219
220 217
221 218
221 227
221 217
221 215
221 224
221 219
221 225
221 223
221 222
221 220
222 218
222 227
222 229
222 220
222 226
222 219
222 224
222 225
222 221
222 223
223 220
223 219
223 228
223 227
223 226
223 229
223 224
223 221
223 225
223 222
224 228
224 219
224 229
224 230
224 226
224 221
224 225
224 223
224 222
224 227
225 228
225 230
225 219
225 229
225 226
225 227
225 222
225 221
225 224
225 223
226 232
226 231
226 224
226 222
226 230
226 227
226 228
226 229
226 225
226 223
227 232
227 231
227 223
227 222
227 225
227 226
227 228
227 229
227 230
227 224
228 224
228 225
228 222
228 232
228 223
228 226
228 227
228 229
228 231
228 230
229 224
229 222
229 225
229 223
229 231
229 228
229 230
229 227
229 226
229 232
230 223
230 233
230 232
230 231
230 229
230 228
230 227
230 226
230 225
230 224
231 223
231 235
231 225
231 227
231 228
231 226
231 229
231 230
231 233
231 232
232 223
232 225
232 227
232 235
232 226
232 228
232 233
232 231
232 230
232 229
233 239
233 238
233 229
233 237
233 234
233 236
233 230
233 235
233 231
233 232
234 232
234 241
234 239
234 238
234 237
234 236
234 235
234 233
234 230
234 240
235 244
235 238
235 233
235 245
235 240
235 241
235 237
235 236
235 239
235 234
236 235
236 245
236 243
236 242
236 244
236 239
236 240
236 237
236 238
236 241
237 243
237 235
237 242
237 245
237 244
237 241
237 240
237 238
237 236
237 239
238 246
238 243
238 244
238 242
238 241
238 240
238 239
238 237
238 235
238 236
239 235
239 242
239 236
239 237
239 238
239 240
239 241
239 243
239 244
239 245
240 246
240 237
240 243
240 245
240 238
240 244
240 236
240 242
240 239
240 241
241 246
241 236
241 237
241 238
241 239
241 240
241 243
241 244
241 245
241 242
242 238
242 246
242 237
242 239
242 236
242 245
242 243
242 244
242 241
242 240
243 237
243 247
243 239
243 236
243 246
243 244
243 242
243 241
243 240
243 245
244 247
244 239
244 236
244 248
244 241
244 240
244 242
244 246
244 245
244 243
245 236
245 239
245 247
245 248
245 242
245 241
245 240
245 243
245 246
245 244
246 241
246 250
246 249
246 248
246 247
246 244
246 243
246 240
246 239
246 245
247 241
247 243
247 253
247 244
247 251
247 250
247 248
247 246
247 245
247 249
248 240
248 243
248 253
248 251
248 249
248 247
248 246
248 245
248 244
248 250
249 240
249 252
249 245
249 253
249 244
249 250
249 246
249 247
249 248
249 251
250 244
250 254
250 245
250 246
250 252
250 247
250 253
250 251
250 248
250 249
251 257
251 249
251 256
251 254
251 252
251 248
251 247
251 246
251 250
251 253
252 257
252 256
252 249
252 248
252 254
252 247
252 250
252 255
252 251
252 253
253 258
253 246
253 247
253 255
253 254
253 250
253 249
253 248
253 251
253 252
254 260
254 249
254 258
254 257
254 247
254 252
254 251
254 250
254 255
254 253
255 251
255 254
255 259
255 260
255 261
255 258
255 257
255 253
255 252
255 256
256 266
256 252
256 253
256 261
256 260
256 258
256 257
256 255
256 251
256 259
257 262
257 253
257 251
257 263
257 261
257 260
257 259
257 258
257 256
257 255
258 265
258 266
258 255
258 256
258 262
258 263
258 261
258 259
258 257
258 260
259 265
259 263
259 255
259 262
259 256
259 266
259 257
259 258
259 260
259 261
260 256
260 264
260 265
260 262
260 266
260 261
260 259
260 263
260 258
260 257
261 257
261 268
261 262
261 263
261 266
261 265
261 264
261 258
261 259
261 260
262 269
262 267
262 258
262 259
262 265
262 260
262 261
262 264
262 263
262 266
263 259
263 258
263 269
263 267
263 261
263 262
263 260
263 264
263 265
263 266
264 273
264 267
264 260
264 269
264 268
264 266
264 265
264 263
264 261
264 262
265 262
265 273
265 260
265 267
265 261
265 269
265 268
265 266
265 263
265 264
266 270
266 262
266 273
266 267
266 261
266 263
266 268
266 265
266 269
266 264
267 264
267 271
267 273
267 270
267 272
267 263
267 265
267 266
267 268
267 269
268 272
268 261
268 273
268 270
268 264
268 265
268 271
268 269
268 267
268 266
269 263
269 272
269 271
269 270
269 264
269 265
269 268
269 267
269 266
269 273
270 264
270 274
270 265
270 273
270 272
270 271
270 269
270 268
270 266
270 267
271 263
271 274
271 269
271 266
271 272
271 265
271 268
271 267
271 273
271 270
272 263
272 274
272 265
272 266
272 273
272 271
272 269
272 268
272 267
272 270
273 264
273 274
273 272
273 270
273 269
273 268
273 267
273 266
273 265
273 271
274 263
274 272
274 268
274 267
274 270
274 271
274 266
274 273
274 275
274 269
275 266
275 268
275 261
275 281
275 280
275 276
275 273
275 270
275 269
275 274
276 282
276 279
276 278
276 275
276 274
276 272
276 270
276 266
276 265
276 273
277 284
277 274
277 283
277 282
277 281
277 280
277 279
277 278
277 275
277 276
278 285
278 284
278 275
278 281
278 280
278 276
278 277
278 283
278 282
278 279
279 274
279 281
279 282
279 273
279 283
279 278
279 277
279 276
279 275
279 280
280 271
280 276
280 285
280 278
280 284
280 275
280 283
280 279
280 282
280 281
281 273
281 276
281 275
281 282
281 283
281 285
281 286
281 287
281 280
281 284
282 289
282 275
282 276
282 286
282 287
282 280
282 285
282 281
282 283
282 284
283 289
283 287
283 281
283 280
283 275
283 288
283 286
283 282
283 285
283 284
284 275
284 292
284 280
284 289
284 282
284 281
284 287
284 286
284 285
284 283
285 290
285 280
285 289
285 288
285 281
285 282
285 283
285 284
285 286
285 287
286 292
286 290
286 281
286 288
286 289
286 282
286 283
286 284
286 285
286 287
287 290
287 289
287 293
287 288
287 286
287 285
287 284
287 283
287 282
287 281
288 281
288 284
288 296
288 282
288 285
288 290
288 283
288 286
288 289
288 287
289 283
289 293
289 292
289 285
289 290
289 288
289 296
289 287
289 284
289 286
290 285
290 286
290 295
290 294
290 293
290 292
290 291
290 289
290 288
290 287
291 286
291 296
291 287
291 297
291 295
291 294
291 293
291 292
291 290
291 289
292 291
292 284
292 287
292 297
292 289
292 294
292 296
292 290
292 293
292 295
293 285
293 286
293 289
293 287
293 292
293 290
293 294
293 297
293 296
293 295
294 286
294 289
294 299
294 287
294 290
294 295
294 296
294 297
294 292
294 293
295 304
295 284
295 299
295 289
295 290
295 293
295 296
295 294
295 292
295 297
296 301
296 288
296 290
296 293
296 292
296 299
296 289
296 297
296 295
296 294
297 301
297 292
297 285
297 287
297 286
297 299
297 294
297 296
297 295
297 293
298 303
298 304
298 295
298 293
298 289
298 297
298 300
298 296
298 299
298 292
299 293
299 289
299 292
299 304
299 294
299 301
299 300
299 296
299 295
299 297
300 294
300 302
300 296
300 299
300 297
300 293
300 303
300 304
300 292
300 301
301 293
301 294
301 295
301 302
301 297
301 296
301 303
301 304
301 300
301 299
302 294
302 296
302 293
302 295
302 300
302 303
302 304
302 299
302 290
302 301
303 293
303 296
303 287
303 302
303 301
303 300
303 304
303 305
303 299
303 297
304 293
304 297
304 295
304 299
304 300
304 296
304 302
304 303
304 305
304 301
305 311
305 297
305 301
305 300
305 307
305 308
305 299
305 304
305 303
305 306
306 314
306 304
306 310
306 312
306 313
306 305
306 307
306 308
306 311
306 309
307 305
307 315
307 310
307 313
307 311
307 309
307 314
307 312
307 308
307 306
308 316
308 306
308 314
308 315
308 313
308 312
308 311
308 310
308 307
308 309
309 316
309 306
309 307
309 315
309 313
309 310
309 314
309 312
309 308
309 311
310 306
310 317
310 316
310 315
310 308
310 309
310 314
310 312
310 311
310 313
311 318
311 317
311 309
311 308
311 313
311 314
311 315
311 316
311 310
311 312
312 318
312 316
312 317
312 308
312 315
312 314
312 310
312 309
312 313
312 311
313 309
313 308
313 318
313 316
313 317
313 310
313 315
313 311
313 312
313 314
314 319
314 308
314 317
314 309
314 316
314 310
314 311
314 312
314 313
314 315
315 320
315 319
315 318
315 310
315 311
315 312
315 313
315 314
315 316
315 317
316 311
316 322
316 312
316 320
316 314
316 313
316 318
316 319
316 317
316 315
317 321
317 312
317 320
317 313
317 314
317 316
317 318
317 319
317 322
317 315
318 312
318 314
318 313
318 321
318 315
318 316
318 317
318 319
318 320
318 322
319 323
319 314
319 317
319 316
319 313
319 322
319 315
319 321
319 320
319 318
320 324
320 313
320 323
320 316
320 317
320 315
320 318
320 322
320 319
320 321
321 314
321 316
321 315
321 317
321 324
321 323
321 318
321 319
321 320
321 322
322 313
322 315
322 319
322 318
322 317
322 316
322 323
322 320
322 321
322 324
323 313
323 315
323 314
323 318
323 325
323 319
323 324
323 321
323 320
323 322
324 315
324 316
324 318
324 322
324 323
324 325
324 321
324 327
324 319
324 320
325 313
325 319
325 321
325 322
325 323
325 328
325 329
325 326
325 327
325 324
326 317
326 325
326 324
326 327
326 328
326 329
326 330
326 323
326 322
326 321
327 314
327 321
327 322
327 325
327 326
327 323
327 328
327 329
327 330
327 324
328 332
328 324
328 322
328 331
328 323
328 330
328 329
328 327
328 326
328 325
329 333
329 323
329 324
329 328
329 330
329 331
329 332
329 327
329 326
329 325
330 325
330 332
330 331
330 333
330 329
330 327
330 328
330 323
330 324
330 326
331 323
331 324
331 335
331 327
331 334
331 333
331 332
331 330
331 328
331 329
332 326
332 324
332 329
332 330
332 331
332 333
332 334
332 335
332 327
332 328
333 324
333 331
333 322
333 334
333 335
333 327
333 328
333 329
333 330
333 332
334 322
334 328
334 337
334 327
334 330
334 329
334 331
334 335
334 333
334 332
335 329
335 340
335 338
335 336
335 337
335 332
335 339
335 331
335 333
335 334
336 345
336 335
336 343
336 344
336 341
336 342
336 340
336 337
336 338
336 339
337 345
337 344
337 335
337 338
337 339
337 340
337 341
337 342
337 343
337 336
338 335
338 345
338 344
338 343
338 342
338 341
338 340
338 339
338 337
338 336
339 345
339 344
339 346
339 341
339 343
339 342
339 340
339 338
339 337
339 336
340 346
340 345
340 344
340 336
340 338
340 341
340 343
340 337
340 339
340 342
341 347
341 346
341 345
341 339
341 344
341 337
341 338
341 342
341 340
341 343
342 338
342 347
342 341
342 337
342 339
342 346
342 340
342 345
342 344
342 343
343 337
343 341
343 340
343 339
343 346
343 347
343 348
343 345
343 344
343 342
344 339
344 349
344 341
344 340
344 348
344 347
344 346
344 342
344 345
344 343
345 341
345 340
345 350
345 349
345 342
345 348
345 347
345 346
345 344
345 343
346 351
346 352
346 342
346 350
346 349
346 343
346 348
346 347
346 345
346 344
347 351
347 352
347 342
347 350
347 349
347 343
347 344
347 348
347 346
347 345
348 343
348 353
348 352
348 351
348 345
348 344
348 350
348 349
348 347
348 346
349 354
349 353
349 344
349 347
349 348
349 345
349 350
349 351
349 352
349 346
350 355
350 354
350 345
350 346
350 347
350 348
350 351
350 353
350 349
350 352
351 356
351 346
351 350
351 347
351 352
351 355
351 353
351 349
351 348
351 354
352 344
352 346
352 355
352 348
352 347
352 349
352 350
352 354
352 351
352 353
353 357
353 347
353 349
353 356
353 348
353 355
353 350
353 354
353 351
353 352
354 409
354 365
354 358
354 363
354 352
354 361
354 353
354 355
354 356
354 357
355 360
355 365
355 361
355 353
355 362
355 354
355 356
355 357
355 359
355 358
356 363
356 362
356 361
356 353
356 360
356 359
356 354
356 355
356 358
356 357
357 353
357 362
357 361
357 412
357 354
357 355
357 358
357 359
357 360
357 356
358 365
358 362
358 361
358 412
358 355
358 354
358 359
358 356
358 357
358 360
359 413
359 361
359 360
359 365
359 358
359 357
359 356
359 412
359 354
359 355
360 408
360 410
360 409
360 412
360 359
360 358
360 357
360 355
360 354
360 356
361 373
361 387
361 401
361 400
361 372
361 363
361 362
361 393
361 368
361 365
362 371
362 364
362 366
362 372
362 370
362 365
362 369
362 363
362 361
362 367
363 373
363 369
363 370
363 368
363 367
363 365
363 364
363 362
363 361
363 366
364 369
364 400
364 401
364 368
364 367
364 361
364 366
364 362
364 363
364 365
365 369
365 367
365 370
365 371
365 372
365 363
365 362
365 368
365 366
365 364
366 370
366 372
366 375
366 369
366 368
366 367
366 365
366 364
366 363
366 362
367 375
367 371
367 362
367 372
367 366
367 365
367 370
367 363
367 369
367 368
368 366
368 365
368 373
368 374
368 375
368 371
368 367
368 369
368 370
368 372
369 375
369 379
369 367
369 368
369 377
369 371
369 372
369 373
369 374
369 370
370 375
370 381
370 367
370 374
370 368
370 372
370 369
370 377
370 371
370 373
371 375
371 369
371 368
371 370
371 365
371 372
371 373
371 374
371 381
371 377
372 365
372 381
372 379
372 375
372 368
372 369
372 370
372 371
372 374
372 373
373 383
373 379
373 371
373 370
373 369
373 368
373 381
373 374
373 375
373 372
374 377
374 378
374 376
374 373
374 371
374 370
374 369
374 368
374 375
374 372
375 371
375 369
375 373
375 379
375 377
375 370
375 368
375 372
375 374
375 376
376 382
376 368
376 380
376 381
376 369
376 379
376 378
376 377
376 374
376 375
377 373
377 372
377 381
377 382
377 374
377 369
377 370
377 371
377 376
377 375
378 373
378 375
378 383
378 369
378 374
378 381
378 382
378 376
378 380
378 379
379 370
379 383
379 375
379 369
379 372
379 376
379 382
379 381
379 378
379 380
380 369
380 383
380 381
380 379
380 378
380 376
380 375
380 374
380 372
380 382
381 370
381 371
381 386
381 385
381 378
381 382
381 380
381 384
381 379
381 383
382 387
382 390
382 389
382 379
382 380
382 386
382 385
382 381
382 384
382 383
383 379
383 372
383 387
383 389
383 382
383 381
383 380
383 386
383 384
383 385
384 392
384 390
384 391
384 383
384 382
384 381
384 386
384 387
384 389
384 385
385 381
385 389
385 392
385 387
385 391
385 383
385 382
385 390
385 384
385 386
386 393
386 392
386 384
386 388
386 387
386 383
386 391
386 385
386 389
386 390
387 383
387 384
387 385
387 393
387 392
387 388
387 386
387 389
387 391
387 390
388 393
388 383
388 390
388 389
388 391
388 387
388 386
388 385
388 384
388 392
389 393
389 383
389 384
389 385
389 388
389 386
389 387
389 390
389 392
389 391
390 384
390 393
390 392
390 394
390 385
390 388
390 387
390 386
390 391
390 389
391 398
391 393
391 384
391 388
391 385
391 387
391 386
391 392
391 389
391 390
392 384
392 385
392 397
392 394
392 387
392 386
392 390
392 391
392 389
392 393
393 399
393 391
393 398
393 396
393 386
393 387
393 395
393 392
393 397
393 394
394 389
394 390
394 400
394 392
394 393
394 395
394 396
394 397
394 398
394 399
395 389
395 392
395 401
395 400
395 398
395 399
395 393
395 396
395 397
395 394
396 392
396 402
396 397
396 401
396 395
396 394
396 393
396 398
396 399
396 400
397 392
397 393
397 402
397 401
397 394
397 396
397 398
397 399
397 400
397 395
398 393
398 403
398 402
398 396
398 395
398 394
398 399
398 400
398 401
398 397
399 393
399 403
399 394
399 395
399 396
399 402
399 401
399 400
399 397
399 398
400 393
400 394
400 396
400 402
400 395
400 397
400 398
400 399
400 401
400 403
401 404
401 394
401 397
401 396
401 395
401 398
401 402
401 399
401 400
401 403
402 395
402 394
402 396
402 404
402 397
402 398
402 399
402 400
402 403
402 401
403 394
403 396
403 395
403 404
403 397
403 398
403 399
403 400
403 401
403 402
404 397
404 400
404 401
404 396
404 394
404 409
404 399
404 403
404 405
404 402
405 401
405 399
405 402
405 412
405 407
405 408
405 410
405 403
405 404
405 409
406 393
406 387
406 401
406 412
406 404
406 410
406 409
406 408
406 407
406 403
407 413
407 393
407 405
407 412
407 404
407 403
407 410
407 409
407 408
407 406
408 428
408 393
408 407
408 404
408 406
408 405
408 409
408 410
408 416
408 412
409 416
409 417
409 415
409 414
409 404
409 412
409 406
409 407
409 408
409 410
410 415
410 416
410 428
410 412
410 411
410 409
410 407
410 406
410 404
410 408
411 415
411 422
411 408
411 407
411 427
411 413
411 412
411 409
411 404
411 410
412 408
412 426
412 420
412 422
412 413
412 416
412 415
412 410
412 409
412 428
413 426
413 416
413 420
413 421
413 417
413 419
413 428
413 418
413 415
413 414
414 422
414 428
414 415
414 421
414 417
414 419
414 424
414 418
414 426
414 416
415 427
415 426
415 422
415 418
415 420
415 419
415 417
415 416
415 414
415 428
416 421
416 419
416 414
416 415
416 422
416 424
416 420
416 418
416 417
416 428
417 428
417 419
417 421
417 415
417 422
417 418
417 424
417 426
417 416
417 414
418 421
418 428
418 420
418 419
418 422
418 424
418 417
418 415
418 414
418 416
419 422
419 415
419 420
419 421
419 417
419 418
419 424
419 425
419 426
419 414
420 427
420 418
420 428
420 421
420 422
420 424
420 425
420 419
420 415
420 416
421 423
421 418
421 417
421 414
421 422
421 420
421 424
421 425
421 426
421 419
422 415
422 418
422 420
422 421
422 423
422 424
422 425
422 417
422 427
422 428
423 414
423 419
423 420
423 421
423 422
423 424
423 425
423 426
423 417
423 428
424 414
424 420
424 423
424 426
424 419
424 417
424 425
424 418
424 421
424 422
425 417
425 418
425 414
425 423
425 419
425 420
425 424
425 426
425 421
425 422
426 418
426 415
426 419
426 414
426 422
426 423
426 424
426 425
426 417
426 421
427 426
427 418
427 420
427 421
427 422
427 417
427 424
427 416
427 415
427 428
428 421
428 427
428 417
428 423
428 414
428 422
428 418
428 420
428 415
428 416
