32522
53749
2
31368
3
4
14285
81992
5
85565
30812
6
7
75999
8
9
18586
10
36033
11
12
4421
13
77050
14
15
25632
16
48502
11841
17
18
11317
19
26557
20
72622
4992
21
45567
22
71776
23
24
30911
25
51465
26
27
54359
28
29
30
31
32
50463
33
34
59141
89576
35
36
83966
63395
37
31336
38
86218
86705
44030
39
90767
40
41
91864
42
43
44
16589
45
21052
46
8274
49555
47
43515
48
89520
49
81081
50
12580
51
52
53
80302
54
73467
55
56
35983
57
49185
58
73904
59
46597
66102
60
61
62
63
44974
64
66020
49906
83726
65
85289
70715
66
38127
67
82808
68
55568
7219
69830
69
8709
72249
70
71
39818
59801
72
21701
73
74
73909
25472
54883
75
76
77
90530
78
79
80
81
82
28956
78914
83
84
21170
17901
85
86
87
88
89
71458
90
21873
91
45639
92
39532
93
94
57293
95
96
97
92435
98
91969
99
14445
100
101
48945
76857
80808
75220
102
45633
75339
103
104
31888
33921
105
51861
106
107
108
109
110
49555
63395
21
31888
59801
80302
90767
91864
48502
4421
78914
93
8274
4992
43
83726
71
45
21170
7219
77050
90530
8274
90767
89520
8709
13
49906
80302
21170
22
11317
7
21701
33921
11841
8274
89576
12580
56
99
43
90767
108
14285
14445
92435
29
45
110
11317
16589
46
82808
72249
89576
35
17901
45567
70715
59801
18586
69
12
47
4421
9
21052
21170
71776
21701
21873
72622
14445
108
71
76857
93
82
95
25472
25632
49906
38127
11841
43
8709
26557
4
67
21
32522
4
28956
49555
18586
33921
38127
9
30812
30911
12
31336
31368
55
31888
29
32522
29
110
71776
49906
33921
75220
85565
7
30911
82
76
66020
46597
35983
36033
80302
10
21
38127
73904
31336
29
39532
39818
91864
27
51465
50463
89520
56
75220
59801
110
92435
10
57293
109
43515
44030
25
44974
21052
12580
68
105
45567
45633
45639
91864
24
46597
6
63395
27
47
55568
48502
48945
78914
49185
55568
49555
8709
49906
16
73909
50463
21052
51465
49185
14285
85289
51861
51861
48502
10
55
53749
93
24
54359
72622
32522
95
54883
55568
21701
57
14445
57293
109
10
86218
59141
59801
4
21701
89
77050
16
48
89520
63395
14445
9
66020
66102
55568
51861
31368
86705
44974
95
38127
75999
69830
7219
75339
49
51465
70715
109
54883
83966
71458
110
86
43515
71776
73909
72249
94
8274
72622
91969
73467
21
88
73904
73909
72249
50463
88
83
51465
75220
75339
71
30911
16589
11841
75999
12580
21873
57
32522
76857
77050
105
87
78914
71776
71458
82808
88
80302
25
80808
81081
11841
87
54883
81992
31888
67
49
82808
67
30
92435
30911
95
44
83726
57
83966
51861
8709
43515
86705
54359
11
108
85289
85565
68
86218
86705
36033
93
63395
77050
49185
45
66020
89520
89576
54
56
11317
90530
48502
90767
70
25
75
99
91864
91969
92435
36033
45
56
21052
11317
78914
21170
73909
49
96
72622
43
89576
57293
43515
32522
53749
2
31368
3
4
14285
81992
5
85565
30812
6
7
75999
8
9
18586
10
36033
11
12
4421
13
77050
14
15
25632
16
48502
11841
17
18
11317
19
26557
20
72622
4992
21
45567
22
71776
23
24
30911
25
51465
26
27
54359
28
29
30
31
32
50463
33
34
59141
89576
35
36
83966
63395
37
31336
38
86218
86705
44030
39
90767
40
41
91864
42
43
44
16589
45
21052
46
8274
49555
47
43515
48
89520
49
81081
50
12580
51
52
53
80302
54
73467
55
56
35983
57
49185
58
73904
59
46597
66102
60
61
62
63
44974
64
66020
49906
83726
65
85289
70715
66
38127
67
82808
68
55568
7219
69830
69
8709
72249
70
71
39818
59801
72
21701
73
74
73909
25472
54883
75
76
77
90530
78
79
80
81
82
28956
78914
83
84
21170
17901
85
86
87
88
89
71458
90
21873
91
45639
92
39532
93
94
57293
95
96
97
92435
98
91969
99
14445
100
101
48945
76857
80808
75220
102
45633
75339
103
104
31888
33921
105
51861
106
107
108
109
110
49555
63395
21
31888
59801
80302
90767
91864
48502
4421
78914
93
8274
4992
43
83726
71
45
21170
7219
77050
90530
8274
90767
89520
8709
13
49906
80302
21170
22
11317
7
21701
33921
11841
8274
89576
12580
56
99
43
90767
108
14285
14445
92435
29
45
110
11317
16589
46
82808
72249
89576
35
17901
45567
70715
59801
18586
69
12
47
4421
9
21052
21170
71776
21701
21873
72622
14445
108
71
76857
93
82
95
25472
25632
49906
38127
11841
43
8709
26557
4
67
21
32522
4
28956
49555
18586
33921
38127
9
30812
30911
12
31336
31368
55
31888
29
32522
29
110
71776
49906
33921
75220
85565
7
30911
82
76
66020
46597
35983
36033
80302
10
21
38127
73904
31336
29
39532
39818
91864
27
51465
50463
89520
56
75220
59801
110
92435
10
57293
109
43515
44030
25
44974
21052
12580
68
105
45567
45633
45639
91864
24
46597
6
63395
27
47
55568
48502
48945
78914
49185
55568
49555
8709
49906
16
73909
50463
21052
51465
49185
14285
85289
51861
51861
48502
10
55
53749
93
24
54359
72622
32522
95
54883
55568
21701
57
14445
57293
109
10
86218
59141
59801
4
21701
89
77050
16
48
89520
63395
14445
9
66020
66102
55568
51861
31368
86705
44974
95
38127
75999
69830
7219
75339
49
51465
70715
109
54883
83966
71458
110
86
43515
71776
73909
72249
94
8274
72622
91969
73467
21
88
73904
73909
72249
50463
88
83
51465
75220
75339
71
30911
16589
11841
75999
12580
21873
57
32522
76857
77050
105
87
78914
71776
71458
82808
88
80302
25
80808
81081
11841
87
54883
81992
31888
67
49
82808
67
30
92435
30911
95
44
83726
57
83966
51861
8709
43515
86705
54359
11
108
85289
85565
68
86218
86705
36033
93
63395
77050
49185
45
66020
89520
89576
54
56
11317
90530
48502
90767
70
25
75
99
91864
91969
92435
36033
45
56
21052
11317
78914
21170
73909
49
96
72622
43
89576
57293
43515
32522
53749
2
31368
3
4
14285
81992
5
85565
30812
6
7
75999
8
9
18586
10
36033
11
12
4421
13
77050
14
15
25632
16
48502
11841
17
18
11317
19
26557
20
72622
4992
21
45567
22
71776
23
24
30911
25
51465
26
27
54359
28
29
30
31
32
50463
33
34
59141
89576
35
36
83966
63395
37
31336
38
86218
86705
44030
39
90767
40
41
91864
42
43
44
16589
45
21052
46
8274
49555
47
43515
48
89520
49
81081
50
12580
51
52
53
80302
54
73467
55
56
35983
57
49185
58
73904
59
46597
66102
60
61
62
63
44974
64
66020
49906
83726
65
85289
70715
66
38127
67
82808
68
55568
7219
69830
69
8709
72249
70
71
39818
59801
72
21701
73
74
73909
25472
54883
75
76
77
90530
78
79
80
81
82
28956
78914
83
84
21170
17901
85
86
87
88
89
71458
90
21873
91
45639
92
39532
93
94
57293
95
96
97
92435
98
91969
99
14445
100
101
48945
76857
80808
75220
102
45633
75339
103
104
31888
33921
105
51861
106
107
108
109
110
49555
63395
21
31888
59801
80302
90767
91864
48502
4421
78914
93
8274
4992
43
83726
71
45
21170
7219
77050
90530
8274
90767
89520
8709
13
49906
80302
21170
22
11317
7
21701
33921
11841
8274
89576
12580
56
99
43
90767
108
14285
14445
92435
29
45
110
11317
16589
46
82808
72249
89576
35
17901
45567
70715
59801
18586
69
12
47
4421
9
21052
21170
71776
21701
21873
72622
14445
108
71
76857
93
82
95
25472
25632
49906
38127
11841
43
8709
26557
4
67
21
32522
4
28956
49555
18586
33921
38127
9
30812
30911
12
31336
31368
55
31888
29
32522
29
110
71776
49906
33921
75220
85565
7
30911
82
76
66020
46597
35983
36033
80302
10
21
38127
73904
31336
29
39532
39818
91864
27
51465
50463
89520
56
75220
59801
110
92435
10
57293
109
43515
44030
25
44974
21052
12580
68
105
45567
45633
45639
91864
24
46597
6
63395
27
47
55568
48502
48945
78914
49185
55568
49555
8709
49906
16
73909
50463
21052
51465
49185
14285
85289
51861
51861
48502
10
55
53749
93
24
54359
72622
32522
95
54883
55568
21701
57
14445
57293
109
10
86218
59141
59801
4
21701
89
77050
16
48
89520
63395
14445
9
66020
66102
55568
51861
31368
86705
44974
95
38127
75999
69830
7219
75339
49
51465
70715
109
54883
83966
71458
110
86
43515
71776
73909
72249
94
8274
72622
91969
73467
21
88
73904
73909
72249
50463
88
83
51465
75220
75339
71
30911
16589
11841
75999
12580
21873
57
32522
76857
77050
105
87
78914
71776
71458
82808
88
80302
25
80808
81081
11841
87
54883
81992
31888
67
49
82808
67
30
92435
30911
95
44
83726
57
83966
51861
8709
43515
86705
54359
11
108
85289
85565
68
86218
86705
36033
93
63395
77050
49185
45
66020
89520
89576
54
56
11317
90530
48502
90767
70
25
75
99
91864
91969
92435
36033
45
56
21052
11317
78914
21170
73909
49
96
72622
43
89576
57293
43515
32522
53749
2
31368
3
4
14285
81992
5
85565
30812
6
7
75999
8
9
18586
10
36033
11
12
4421
13
77050
14
15
25632
16
48502
11841
17
18
11317
19
26557
20
72622
4992
21
45567
22
71776
23
24
30911
25
51465
26
27
54359
28
29
30
31
32
50463
33
34
59141
89576
35
36
83966
63395
37
31336
38
86218
86705
44030
39
90767
40
41
91864
42
43
44
16589
45
21052
46
8274
49555
47
43515
48
89520
49
81081
50
12580
51
52
53
80302
54
73467
55
56
35983
57
49185
58
73904
59
46597
66102
60
61
62
63
44974
64
66020
49906
83726
65
85289
70715
66
38127
67
82808
68
55568
7219
69830
69
8709
72249
70
71
39818
59801
72
21701
73
74
73909
25472
54883
75
76
77
90530
78
79
80
81
82
28956
78914
83
84
21170
17901
85
86
87
88
89
71458
90
21873
91
45639
92
39532
93
94
57293
95
96
97
92435
98
91969
99
14445
100
101
48945
76857
80808
75220
102
45633
75339
103
104
31888
33921
105
51861
106
107
108
109
110
49555
63395
21
31888
59801
80302
90767
91864
48502
4421
78914
93
8274
4992
43
83726
71
45
21170
7219
77050
90530
8274
90767
89520
8709
13
49906
80302
21170
22
11317
7
21701
33921
11841
8274
89576
12580
56
99
43
90767
108
14285
14445
92435
29
45
110
11317
16589
46
82808
72249
89576
35
17901
45567
70715
59801
18586
69
12
47
4421
9
21052
21170
71776
21701
21873
72622
14445
108
71
76857
93
82
95
25472
25632
49906
38127
11841
43
8709
26557
4
67
21
32522
4
28956
49555
18586
33921
38127
9
30812
30911
12
31336
31368
55
31888
29
32522
29
110
71776
49906
33921
75220
85565
7
30911
82
76
66020
46597
35983
36033
80302
10
21
38127
73904
31336
29
39532
39818
91864
27
51465
50463
89520
56
75220
59801
110
92435
10
57293
109
43515
44030
25
44974
21052
12580
68
105
45567
45633
45639
91864
24
46597
6
63395
27
47
55568
48502
48945
78914
49185
55568
49555
8709
