1278
482
138
587
493
1281
1176
625
897
536
114
464
841
1112
625
475
606
507
606
1029
1308
1060
1085
875
572
711
862
290
567
785
281
1316
1297
536
167
911
130
1251
930
167
469
1297
503
969
88
1298
888
1163
827
417
1226
54
868
54
1218
461
1005
7
296
455
572
770
1031
928
1093
34
1316
648
279
358
53
264
1018
1220
868
1215
648
325
1258
305
1177
1194
739
1325
400
352
83
475
189
303
503
303
1343
34
48
148
74
930
126
1095
308
1042
462
1227
1122
1254
1076
1053
880
416
1303
1242
823
298
747
472
768
958
511
1127
863
439
966
1054
549
1260
1148
279
303
568
549
571
41
831
532
966
463
926
849
61
698
337
709
204
48
933
389
397
616
795
1245
933
1230
296
592
877
389
1183
181
849
602
25
1089
332
766
527
584
108
606
741
841
565
532
467
941
1268
1093
89
417
693
657
1036
341
1191
1025
816
439
1287
662
50
1197
218
946
759
1139
563
164
319
974
931
958
65
591
268
964
892
143
218
804
976
744
248
1216
480
1245
1182
1301
227
1010
460
1226
235
1254
185
1281
573
500
1230
474
414
543
413
191
111
290
523
642
524
1153
680
59
448
353
714
1144
33
1235
983
1218
108
378
800
175
1182
1214
1261
988
237
132
842
1199
543
1068
1255
764
156
253
759
1188
1205
604
671
406
1085
1110
1251
1257
274
129
844
33
149
1013
639
493
131
421
612
230
1260
718
268
446
1184
631
329
642
898
144
657
42
1013
613
305
637
446
1214
1284
349
592
711
1121
1135
1095
1042
988
421
225
368
1163
1199
456
480
89
478
163
134
415
563
1070
83
507
1292
284
1236
576
329
404
473
802
1174
187
432
871
423
84
887
1229
1132
368
475
112
13
1187
164
1184
24
778
979
560
955
793
412
892
105
1077
1328
1183
713
441
1055
1127
454
703
734
85
1269
1246
567
922
1258
1042
543
438
682
319
931
822
631
41
299
82
358
228
1009
641
1128
652
638
481
688
746
764
710
446
1121
214
856
480
1162
424
928
831
450
802
1249
969
1100
515
1273
49
909
888
974
682
212
406
352
1053
90
1202
632
7
721
95
600
196
146
529
898
950
878
1045
1341
854
95
1176
1058
444
1303
896
136
944
494
385
664
1077
80
604
58
934
378
1309
343
1201
559
1029
898
1077
100
455
1112
416
79
112
879
308
368
1143
812
946
134
1040
1060
1206
466
455
393
1186
1292
591
911
58
558
419
812
785
1252
146
486
679
1080
535
1138
179
130
887
1001
551
1232
451
1036
1246
220
481
179
769
709
1081
143
540
1206
737
677
694
746
225
1335
795
673
427
1208
638
259
1095
132
793
278
1089
1122
25
710
337
235
200
1288
853
1233
1061
1174
350
592
716
69
774
977
147
1031
149
800
897
78
999
519
448
918
1154
844
278
1086
568
739
539
683
278
884
172
670
378
293
596
349
693
1197
257
991
616
717
460
1104
527
24
1086
884
106
314
592
508
169
1202
388
1010
253
1196
1242
449
179
72
462
43
442
463
652
105
646
820
425
854
1076
937
81
128
220
617
979
1109
1291
26
602
927
999
938
926
1143
559
1199
1035
715
632
163
358
144
1146
655
1148
1298
915
119
341
1092
432
214
650
1157
1102
584
565
734
730
704
469
783
1277
681
885
733
741
1309
1191
802
814
684
1168
419
539
1044
202
526
1328
1013
680
325
72
1234
441
1234
575
1140
681
1191
152
253
294
1343
1239
111
1326
1255
391
558
1110
718
1194
822
121
662
1061
719
567
152
1051
683
1216
596
570
297
100
487
935
1139
807
559
1187
905
503
9
110
281
37
613
227
124
877
1048
363
1337
1007
713
617
106
768
804
809
1198
1017
1287
299
1021
878
162
269
694
444
823
875
855
320
879
1021
1080
251
704
1
53
585
862
1006
1018
684
14
1341
188
1201
28
1310
915
692
1080
746
1010
204
938
516
280
600
1303
740
679
827
458
464
39
663
1045
744
721
200
693
319
1236
524
308
1137
1012
380
1256
1288
738
568
72
1066
1107
95
977
938
530
852
484
1058
863
1034
283
7
408
78
478
1301
253
9
697
804
1128
1045
544
849
1341
360
515
450
1320
944
1227
722
185
983
697
509
400
698
1234
1142
173
1025
105
1171
842
353
152
670
194
1070
442
1112
55
539
343
627
420
703
1284
533
487
523
717
138
576
671
443
1144
793
1165
1281
600
1198
500
1241
1310
179
918
344
660
315
716
1066
854
641
560
298
199
446
406
6
692
1011
1343
116
1165
823
1018
456
1184
590
507
774
207
721
612
602
515
1096
400
191
710
34
1138
827
865
809
1034
325
558
786
61
1071
1156
550
1096
1001
741
766
223
395
737
1256
461
84
1055
1035
1186
1021
257
222
840
280
1214
927
1040
188
440
225
59
896
1104
934
1191
384
352
1162
807
269
178
748
100
811
875
1342
1077
1051
1146
1240
86
53
639
333
220
870
1
423
614
576
843
555
201
1186
206
181
935
282
895
126
123
1068
1184
85
665
260
161
337
454
9
1126
1086
79
800
540
1005
1229
407
1039
940
895
100
126
665
1233
297
136
746
138
541
13
361
396
333
185
366
207
1142
1071
415
481
721
1207
1268
1215
820
1051
147
1018
632
802
715
484
368
366
461
264
879
1088
574
469
1220
320
276
844
1035
1017
270
1140
1182
558
1111
447
664
14
935
42
1090
251
792
614
89
1060
2
895
1211
1135
349
473
740
545
591
519
1169
1154
567
427
629
899
294
187
1310
610
632
877
1205
297
1073
596
308
524
1186
134
131
1177
1235
147
1171
269
719
169
714
762
156
155
379
843
1001
359
950
874
414
1060
401
852
1249
86
1255
404
206
559
856
104
466
853
1194
281
470
970
444
677
1281
67
526
457
1006
647
102
1104
1009
43
1194
1058
1098
934
594
854
1149
59
760
210
1298
1138
1337
682
266
614
793
223
81
82
935
1110
424
75
278
220
1339
281
1149
1012
1102
463
984
53
946
1073
1234
587
915
270
215
437
1278
406
48
179
654
899
777
585
901
38
516
573
1111
222
828
474
230
438
442
853
901
1086
1011
90
1309
1048
905
786
1196
1198
571
1009
816
684
42
89
407
1044
610
1077
1202
559
349
138
1124
393
836
533
49
1013
1288
905
785
865
353
789
363
116
1058
363
482
469
764
119
716
419
521
713
814
877
49
664
110
200
1238
774
1149
1139
379
402
503
970
896
37
1090
435
1220
83
1230
67
515
435
1185
937
487
1156
54
202
828
152
895
785
388
1202
604
797
680
871
875
1341
816
500
227
55
1325
413
671
194
938
884
823
541
573
551
1256
591
710
72
355
378
423
1246
454
276
58
404
1206
402
494
1085
461
1207
461
1215
142
828
419
58
540
1048
909
451
1126
1201
466
670
1004
884
467
219
984
1153
809
1142
1269
395
284
146
1066
955
918
1085
1208
843
37
642
1238
6
385
620
260
552
1092
519
629
887
1226
571
539
1071
207
555
494
1045
148
1039
762
280
1066
106
955
617
552
1149
774
26
827
42
880
38
359
332
384
853
716
568
293
25
915
1291
1169
710
550
871
627
470
822
79
877
88
212
162
74
65
304
733
714
735
748
415
925
500
1326
421
874
988
722
740
1148
515
614
1054
457
67
681
105
1044
629
1232
200
102
1138
673
1163
230
809
59
248
495
447
594
196
684
769
1162
428
1195
663
826
14
752
1010
681
484
1146
922
529
1320
1098
713
337
407
128
146
1343
1153
204
1119
1007
1040
760
465
778
650
855
329
1308
428
849
208
901
1132
199
1009
789
1004
259
777
884
1183
104
123
1186
746
1088
315
214
870
862
1119
393
683
826
1227
879
976
415
511
549
145
970
1080
144
138
1111
1257
1206
458
408
440
1154
467
111
361
1277
683
162
1252
134
797
1233
2
999
516
14
502
333
527
350
617
1188
575
437
871
9
39
1249
486
516
134
177
75
142
72
391
401
836
688
768
802
555
28
298
1081
792
660
642
457
449
792
1055
786
169
37
237
293
124
215
129
885
213
190
42
541
69
733
526
28
719
509
480
627
1058
181
555
50
783
1261
503
918
530
206
82
808
400
283
1142
6
83
836
1208
366
1338
620
1239
274
665
81
627
752
860
691
1338
1017
190
223
565
1095
1199
570
1241
420
911
333
1157
100
278
654
65
402
143
1132
173
297
472
697
632
1273
451
145
59
1053
642
495
225
809
1035
1054
290
156
308
304
1259
1111
823
545
359
149
584
931
80
146
1021
575
465
808
842
1328
147
189
1100
854
1184
540
380
521
401
646
1234
637
276
567
1044
1230
227
1177
691
414
677
860
766
223
735
1208
979
185
397
733
1325
481
863
314
558
1316
225
1112
419
266
1188
740
439
280
502
590
741
638
1111
816
1107
1104
928
246
282
741
840
281
655
540
1138
378
865
793
208
114
1342
639
444
15
1339
905
1013
715
219
343
121
1154
573
95
344
124
412
220
574
1211
660
1174
177
792
780
862
991
1301
500
1096
1137
682
774
1246
594
152
539
228
684
901
770
1045
427
1252
935
223
199
568
1310
747
905
353
395
7
1171
811
575
406
1195
816
719
574
571
614
329
385
58
797
879
494
1171
1191
898
355
670
119
1149
443
1066
253
938
1109
1309
337
737
915
1001
172
627
466
592
147
692
941
527
64
895
1011
508
331
719
363
344
175
210
1051
681
1068
144
535
64
1034
1233
415
1017
435
1211
155
484
1054
660
331
1259
1341
713
495
454
631
144
440
730
591
178
457
738
18
1185
213
484
1195
836
28
780
970
925
161
1339
770
360
466
488
826
396
1195
442
955
488
1051
964
428
1055
177
807
527
1168
361
1233
737
826
940
401
638
384
333
89
575
355
37
647
428
1146
199
862
401
836
201
1240
1086
1142
425
457
15
792
1335
200
277
343
1044
199
716
277
404
735
246
124
1277
544
15
1124
18
126
1196
1211
638
257
257
1211
652
494
123
28
574
1012
933
1309
